33354
33384
33563
33567
34730
34753
34770
34815
34816
34828
34830
34835
34837
34840
34841
34843
34844
34846
34848
34849
34850
34851
34852
34853
34854
34855
34856
34857
34858
34859
34860
35186
35187
35190
35210
36624
36625
37213
37215
37312
37610
37611
37684
37694
38629
38648
39203
39813
39834
39835
39929
39940
39943
40040
40565
40740
41149
41785
41788
41789
41790
41793
41794
41796
41799
41800
41801
41805
41806
41807
41810
41813
41814
41817
41818
41819
41823
41824
41825
41828
41830
41831
41834
41835
41836
41839
41841
41842
41843
41848
41849
41850
41853
41854
41855
41859
41860
41861
41865
41866
41867
41871
41872
41873
41877
41878
41879
41883
41884
41885
41889
41891
41892
41894
41896
41897
41899
41902
41903
41904
41908
41909
41910
41913
41914
41915
41921
41922
41923
41927
41928
41929
41932
41933
41934
41939
41940
41941
41945
41946
41947
41950
41951
41952
41956
41958
41959
41960
41964
41965
41968
41969
41970
41973
41975
41976
41979
41980
41981
41987
41988
41989
41994
41995
41996
42000
42001
42002
42006
42007
42008
42012
42013
42014
42017
42018
42019
42022
42024
42025
42027
42032
42033
42034
42037
42038
42040
42043
42044
42045
42049
42050
42051
42054
42055
42057
42060
42061
42062
42066
42067
42068
42070
42072
42073
42076
42077
42079
42081
42083
42085
42086
42088
42091
42092
42094
42097
42100
42102
42104
42105
42108
44355
44384
44434
45132
45980
50616
51328
51929
51988
52009
52027
52118
52122
52131
52137
52251
52275
52279
52337
52441
52448
52451
52536
52594
53346
54210
54230
54232
54332
54343
54505
54638
54765
54835
54853
54943
55017
55075
55081
55116
55126
55189
55212
55236
55238
55277
55301
55302
55314
55323
55397
55413
55417
55418
55429
55438
55439
55462
55519
55541
55546
55556
55558
55581
55583
55593
55611
55616
55647
55655
55657
55681
55690
55704
55706
55712
55725
55729
55731
55740
55746
55761
55788
55813
55826
55828
55832
55850
55857
55862
55872
55878
55912
55917
55920
55966
55968
55974
55992
56006
56012
56029
56033
56056
56059
56071
56080
56088
56090
56117
56130
56134
56136
56167
56188
56191
56208
56230
56242
56247
56276
56300
56311
57104
58402
58441
58453
58534
58559
58591
58672
58704
58729
58740
58753
58755
58774
58788
58789
58801
58803
58804
58873
58877
58903
58906
58907
58916
58936
58960
59078
59092
59100
59104
59126
59133
59134
59137
59139
59149
59150
59156
59157
59162
59238
59239
59260
59284
59287
59288
59290
59291
59292
59293
59294
59295
59296
59298
59299
59300
59301
59302
59691
59699
59939
60370
60410
60421
60433
60443
60446
60455
60461
60468
60471
60525
60538
60540
60543
60544
60545
60546
60547
60548
60549
60554
60565
60569
60572
60582
60588
60593
60601
60612
60616
60621
60623
60625
60643
60659
60669
60693
60696
60697
60700
60701
60702
60703
60704
60706
60707
60731
60874
60935
60972
60980
61388
62001
62004
62055
62061
