33328
33329
33334
33335
33361
33385
33387
33391
33402
33407
33410
33411
33422
33424
33438
33441
33474
33476
33480
33490
33492
33495
33502
33506
33508
33509
33513
33517
33522
33557
33577
33618
33629
33633
33642
33644
33649
33653
33656
33658
33665
33666
33668
33672
33677
33698
33899
33940
34350
34786
34787
34842
34844
36706
36721
36723
41006
41007
44923
45986
46807
46815
46862
46887
46891
46894
46895
46903
46916
46932
46948
46956
46957
46980
47004
47029
47048
47097
47101
47123
47187
47209
47214
47237
47239
47254
47256
47271
47308
47312
47316
47317
47331
47340
47348
47352
47353
47366
47368
47393
47407
47409
47418
47420
47421
47434
47439
47440
47441
47442
47443
47501
47542
47593
47603
47667
47672
47677
47707
47712
47715
47735
47765
47766
47790
47794
47796
47818
47820
47821
47822
47823
47825
47826
47827
47828
47829
47831
47832
47833
47836
47837
47838
47839
47840
47841
47843
47844
47845
47846
47848
47849
47850
47851
47852
47854
47855
47856
47857
47859
47860
47861
47862
47863
47866
47867
47868
47869
47871
47872
47873
47876
47878
47879
47881
47882
47883
47885
47886
47888
47889
47891
47892
47893
47896
47897
47901
47905
47908
47909
47913
47914
47917
47918
47920
47921
47927
47929
47932
47934
47935
47940
47941
47942
47944
47951
47952
47953
47960
47962
47963
47964
47970
47971
47972
47973
47974
47977
47980
47982
47983
47985
47987
47990
47992
47996
47998
48017
48018
48019
48021
48022
48023
48025
48026
48028
48029
48030
48031
48032
48033
48034
48036
48037
48038
48039
48041
48042
48043
48046
48048
48051
48052
48053
48054
48055
48056
48057
48058
48059
48060
48061
48064
48065
48066
48067
48068
48069
48070
48071
48072
48073
48074
48076
48077
48078
48080
48081
48082
48083
48084
48085
48087
48088
48089
48091
48092
48093
48094
48095
48097
48099
48100
48101
48103
48104
48105
48106
48108
48109
48110
48113
48114
48115
48118
48119
48120
48127
48129
48323
48453
48460
48803
48804
49106
49267
49268
49280
49281
49291
49342
49344
49351
49352
49353
49354
49355
49360
49361
49362
49424
49432
49457
49473
49501
49701
50932
50946
50948
53195
53196
53220
53255
53277
55573
55576
56035
57440
57701
57730
57845
57868
57879
57897
57908
57922
57949
57952
57967
57987
57993
58014
58081
58087
58156
58187
58201
58215
58259
58325
58342
58345
58352
58469
58499
58510
58550
60019
60074
60103
60118
60127
60138
60169
60484
61430
61454
61457
61473
61496
61500
61519
61520
61523
61525
61533
61540
61542
61546
61555
61557
61563
61585
61639
61862
62019
62395
62514
62548
62559
62615
62642
62669
62677
62689
62703
62725
62750
62755
62767
62769
62771
62783
62788
62799
62805
62808
62819
62822
62857
62886
62892
62897
62907
62927
62929
63928
64440
64460
64501
64502
64606
64723
64730
64731
64733
64740
64769
64774
64811
64816
64819
64830
64845
64873
64909
64919
64925
64967
64990
64994
65011
65012
65150
65184
65192
65209
65212
65213
65217
65219
65249
65275
65297
65311
65318
65320
65323
65324
65331
65334
65335
65336
65338
65344
65347
65350
65351
65355
